150
46 9 24 29 47 48 91 93 101 124 126 128 
63 4 5 18 21 51 58 76 92 113 115 122 129 
148 8 20 25 26 45 50 58 77 78 87 91 113 135 
133 15 28 31 48 55 73 78 79 86 91 98 108 129 141 144 
73 18 25 27 45 51 52 61 64 69 75 105 121 125 130 133 135 139 142 145 
88 5 6 14 24 38 40 44 47 64 65 71 74 84 97 102 116 124 143 149 
107 3 11 23 34 36 38 45 47 79 96 112 115 135 136 
122 9 17 18 34 63 65 69 74 75 81 84 106 110 119 
28 2 17 27 45 53 56 72 78 82 84 86 97 99 102 103 106 110 111 112 124 133 
13 4 19 23 24 37 51 52 68 78 79 90 91 94 100 101 106 126 143 146 
62 2 10 23 33 36 47 56 69 94 106 123 125 126 
47 12 38 41 46 50 59 62 85 88 107 112 113 115 118 145 149 
134 14 15 18 23 49 60 61 66 98 103 127 132 141 
121 0 18 19 22 24 27 43 51 67 73 90 103 123 135 142 
104 6 7 8 19 22 25 53 58 79 80 127 128 129 143 146 
91 13 14 31 43 46 76 82 96 109 123 126 130 132 133 148 
74 14 16 20 33 39 51 68 76 88 89 94 120 122 139 
44 0 17 31 41 50 72 88 103 131 138 146 
61 3 15 16 20 21 22 23 32 50 73 81 83 103 112 117 118 120 126 134 
14 10 36 41 52 54 59 68 74 79 82 85 88 91 94 103 114 134 136 
31 1 9 17 33 44 52 64 65 91 103 111 119 124 133 
135 6 7 33 37 50 73 75 82 97 106 107 120 121 129 137 139 148 
105 0 5 12 15 18 37 41 48 51 55 67 73 92 128 136 143 
120 32 40 58 61 64 74 83 86 102 103 112 130 131 135 138 
75 16 17 29 30 36 45 56 60 72 73 92 93 113 115 118 122 128 135 137 139 140 
90 7 11 13 19 27 34 54 56 65 71 102 121 132 143 
60 0 5 10 11 34 43 54 64 75 84 97 108 134 138 140 
45 7 28 49 72 73 75 82 83 95 107 109 111 123 141 146 148 
30 6 19 23 27 33 49 53 75 96 109 131 
15 18 24 26 35 40 61 76 80 98 105 131 133 134 
0 8 19 44 50 51 55 60 71 76 94 97 105 111 121 126 144 147 
17 3 24 28 31 39 44 49 69 71 72 75 92 98 118 122 123 128 141 142 147 
34 24 32 39 40 59 60 67 70 84 90 103 107 117 122 142 145 
51 0 13 20 29 48 52 63 69 73 74 76 79 95 100 105 114 115 117 119 121 125 142 
85 10 14 19 37 47 70 77 78 113 117 137 
68 1 4 7 13 14 38 55 64 65 67 74 78 81 83 89 106 108 109 117 129 130 136 140 
119 1 10 31 40 43 51 55 72 81 92 117 122 124 147 
102 5 24 28 36 38 41 64 69 88 89 90 95 114 118 120 123 
136 2 6 14 21 22 26 29 57 58 68 105 107 111 125 
16 12 19 61 66 69 74 75 79 92 101 123 124 129 
1 7 12 31 36 55 68 72 82 83 92 101 115 119 127 139 143 144 146 149 
50 0 7 24 25 42 44 47 61 71 82 86 113 135 143 148 
35 10 11 15 20 22 42 65 70 94 115 132 138 143 
69 16 17 24 49 51 55 62 65 67 70 73 84 87 102 112 122 147 
84 24 28 32 34 55 60 64 69 88 122 131 149 
103 4 7 11 14 27 28 31 34 44 53 61 120 121 126 134 137 
118 11 17 19 47 61 72 75 82 86 102 114 124 147 
137 19 26 29 39 49 75 76 82 85 86 103 115 132 135 145 149 
32 4 6 7 11 21 34 39 52 59 61 66 71 81 84 89 120 123 142 143 
49 11 17 30 33 36 43 45 67 69 70 76 78 79 89 100 117 123 128 130 132 134 137 
2 4 7 11 28 38 40 62 77 97 112 136 
19 0 7 13 16 21 22 29 30 37 41 43 54 57 65 85 86 90 104 112 118 121 137 143 
117 12 21 34 41 43 49 51 61 68 76 85 87 94 101 119 131 
100 3 13 22 37 49 51 110 113 124 
87 3 5 6 40 41 52 69 70 86 89 93 101 106 109 113 117 144 148 
70 11 27 34 35 37 49 67 69 71 83 85 87 89 99 114 
138 11 21 35 42 44 60 76 86 99 114 120 127 
48 23 29 37 40 46 51 82 93 99 105 108 124 131 133 142 
33 4 7 30 31 36 49 59 62 64 74 79 135 
18 5 9 15 36 41 42 63 65 73 80 101 105 121 122 134 147 
3 17 36 42 53 61 80 82 83 87 100 107 111 116 
101 1 11 13 16 18 22 25 42 46 64 87 89 93 117 146 
116 3 8 27 55 56 83 88 98 106 127 
71 0 5 11 17 32 38 50 64 70 88 90 96 106 123 144 
86 11 19 28 38 39 50 66 77 79 87 92 109 110 118 120 133 137 138 147 
139 1 5 9 24 73 74 75 82 92 95 98 108 124 135 144 145 
81 5 7 32 53 61 68 72 83 98 119 122 144 
64 6 29 31 33 60 68 71 73 77 84 88 92 93 101 102 109 120 
115 1 11 35 47 51 63 75 79 106 107 127 137 
98 15 17 20 21 38 41 54 57 79 81 113 116 123 133 134 139 147 
4 2 5 13 20 32 33 41 42 43 63 68 103 111 123 124 128 
21 11 19 32 55 61 63 80 92 98 114 117 129 136 138 147 
38 2 9 23 47 55 68 71 86 88 92 93 95 98 102 107 127 
55 0 1 7 8 21 38 68 69 79 84 105 116 119 127 133 
140 6 7 26 60 67 68 75 94 114 123 128 
65 11 18 19 31 35 54 68 69 88 89 90 122 123 124 126 132 
80 3 15 18 20 21 26 58 59 66 72 93 97 104 126 127 141 146 
99 28 40 48 53 57 70 76 129 132 138 143 
114 6 8 14 21 25 29 51 56 57 59 70 72 94 102 106 112 118 138 140 
20 4 35 43 51 61 74 80 92 94 98 109 132 143 148 
5 4 18 42 60 63 71 81 87 88 102 105 139 
54 8 14 19 22 24 53 59 60 65 76 90 94 95 98 128 145 
39 6 7 17 32 34 42 56 74 86 137 
141 9 11 17 22 45 59 78 79 80 133 134 147 
113 12 22 23 24 47 50 63 75 83 85 87 96 98 100 123 144 146 148 
96 9 30 41 71 72 91 93 94 107 111 113 143 144 
83 1 3 37 45 61 66 68 70 78 81 92 113 116 120 127 132 147 
66 6 16 32 43 80 83 86 110 124 130 134 147 
36 1 3 14 18 33 49 62 75 102 107 108 112 130 132 
53 3 28 30 54 77 81 99 103 104 108 111 128 143 
6 25 30 32 39 64 66 87 88 104 108 110 114 135 136 140 
23 13 27 30 38 48 61 62 77 107 113 134 143 
142 7 11 17 32 34 48 51 73 121 125 132 
97 0 2 7 8 11 26 27 28 59 60 80 88 89 135 
112 2 19 24 28 36 37 41 47 56 61 69 92 107 114 120 123 
67 34 49 68 69 70 77 105 106 121 124 125 140 
82 1 3 14 28 40 45 48 50 57 91 111 118 126 135 137 139 147 
52 7 12 13 14 31 32 51 73 78 87 109 126 
37 9 13 19 26 48 58 59 70 76 83 85 100 105 109 112 130 135 145 146 
22 19 29 35 54 61 92 100 101 104 113 121 129 136 141 
7 1 2 9 19 32 33 39 40 45 50 52 55 68 81 89 90 92 97 103 104 108 129 135 140 142 
143 1 13 19 20 23 32 35 41 50 53 59 88 90 96 99 104 105 144 
128 4 17 46 49 53 54 72 75 104 105 140 144 145 
145 34 37 40 47 54 73 77 111 127 128 137 139 147 
8 0 54 55 97 104 114 116 123 144 148 
25 6 12 24 50 73 101 104 111 114 125 148 
42 3 4 5 18 35 39 50 89 94 101 124 129 138 
59 14 32 33 34 37 47 54 56 58 76 80 97 114 123 126 131 141 143 146 
93 38 46 48 64 72 75 80 87 96 101 149 
76 0 12 15 37 40 49 51 54 59 63 74 79 89 91 99 117 123 137 138 
127 1 27 38 55 56 80 83 104 106 115 116 134 138 145 147 149 
110 6 28 40 43 66 86 100 122 
144 0 1 8 10 26 71 81 87 96 113 128 133 139 143 149 
129 7 16 21 22 24 42 63 68 92 99 104 124 133 135 
24 13 15 17 25 34 40 41 43 46 50 54 69 84 88 102 111 112 113 121 125 129 130 139 
9 7 18 31 37 38 46 96 111 122 130 139 141 
58 26 37 59 63 72 80 104 111 120 136 148 
43 4 19 20 24 49 60 66 91 95 109 110 117 119 121 
77 2 10 23 53 56 64 67 85 86 111 145 146 148 
92 1 7 11 16 17 20 21 22 38 57 63 64 75 83 86 105 112 119 129 131 139 
111 0 3 4 9 24 25 28 31 45 53 58 77 79 82 89 96 123 136 145 
126 0 13 41 46 52 59 61 62 65 80 82 91 94 103 
130 9 24 36 37 49 66 68 73 91 108 120 
147 0 11 17 18 21 66 69 78 82 83 86 98 118 119 123 127 141 145 
40 2 7 15 24 34 48 72 76 82 87 88 89 99 106 108 110 119 120 145 
57 12 19 26 27 82 92 98 99 114 136 
10 14 35 41 60 62 77 85 119 144 
27 23 28 30 57 70 73 90 95 97 103 116 121 127 146 
125 24 25 51 62 67 72 73 94 136 142 
108 6 7 36 40 48 53 60 68 94 106 130 133 139 
95 11 26 27 38 43 45 51 54 72 102 139 
78 13 28 49 52 68 79 83 85 109 133 141 147 148 
146 1 13 27 37 44 45 59 77 80 101 104 113 124 132 
131 15 29 30 44 48 59 84 92 117 120 
56 28 39 59 62 72 75 77 90 94 112 114 116 127 
41 4 10 14 18 19 24 44 47 87 96 98 102 105 112 117 126 143 
26 11 15 37 57 58 80 95 97 136 137 140 144 148 
11 2 21 26 32 35 49 60 65 70 71 86 89 90 92 95 97 101 103 107 115 118 138 141 142 147 
109 12 20 30 37 43 45 52 64 68 78 86 87 89 91 106 
124 4 16 28 31 42 46 48 65 66 67 88 100 118 119 129 139 146 
79 12 13 14 16 33 49 51 55 76 78 86 89 98 104 107 111 115 133 141 
94 0 13 14 20 35 42 54 56 62 74 96 108 114 117 125 126 140 
132 20 35 36 49 65 83 90 91 99 134 137 142 146 
149 1 47 84 88 93 127 137 144 
89 7 11 29 32 40 42 49 65 68 70 74 76 79 87 97 101 102 109 111 
72 1 17 28 40 44 45 56 58 75 80 81 93 95 96 114 118 119 125 128 
123 4 8 16 17 32 45 49 59 62 65 71 76 91 98 102 111 112 113 121 140 147 
106 13 28 40 62 67 68 71 87 108 109 114 115 116 122 127 135 
12 1 16 25 47 52 57 76 79 105 109 113 117 
29 19 22 46 48 51 64 75 89 114 131 136 137 
